ID
7976496
8160168
7989146
7914075
8123446
8063923
8162404
8102532
8165277
8162394
8139087
8169115
8057506
8147516
8143144
8123104
8044021
8055194
7960794
7952011
7933750
8134463
7996198
7896730
8094184
8173287
7973110
7946454
8088560
8162373
7902541
8160670
7973108
8173059
7935296
7913216
7965040
7946579
7977987
8041644
7921821
8146967
8083494
8101675
8148070
7972650
7938225
8151684
8171172
8005043
8122334
8120967
8173917
7991335
8119620
8044035
7923596
8048283
7918533
7956009
8092541
8135218
7906720
8108256
8173752
8047300
7972670
8150428
8119124
7907396
7901287
8091723
7980485
8043981
7954196
8100798
8086600
8162388
7906919
7901256
8146957
8112971
8091537
7978019
8174201
8135069
7946033
8048717
7893046
8022728
8078155
7975268
8095744
8117288
7950425
7920244
7968866
8095736
8145766
8120335
8057771
7961151
7982046
7982050
7895811
8056257
8096301
8083594
7982084
7930714
8089402
7896431
7905047
7982070
7912515
7919055
8055711
8101126
8177261
8176578
8177222
8176698
8177137
8176624
8177232
8176719
8176375
